100004726083265
100002492335177
100000325080697
100000431232079
1669663169
100001953086163
100002191644153
100000641623136
100000433388195
100000480699645
100001534846121
100002277711291
100000023650048
100001612630369
100000469491951
100000879185223
100004595449135
100000173947319
100001220082637
100000967265937
100007059811576
100000347036071
100010798034973
100000703291403
100000841798046
100000691642078
100009831246521
100001980938033
100000713912811
100005803844729
100000118132585
100000460610800
100001247380751
100009288760355
100000278520193
100002472892634
100002094643234
100008324839198
100000571530222
100004611154947
100002612217018
100001779528865
100003030172308
100000520501699
100002379876030
100008989843349
100000174143297
100001723857541
100000867078868
100000520501699
100002622572891
100011033263703
1570064498
100000520501699
100001271417123
100006960331291
100002258256124
100000520501699
100001554297973
100011954509046
100003914286176
100001617751123
100000738786420
100000481255727
1695982270
100005953533093
100002749189292
100000615771543
100006850907619
100000520501699
100002294527132
336517809753581
100002789045031
100000571530222
100001836832537
100001187791219
100004459179567
100001779528865
100003030172308
100002379876030
100008989843349
100000385485692
100000174143297
100001723857541
100000867078868
100002025990227
100000520501699
100002622572891
100006536048351
100001271417123
100006960331291
100001554297973
100000520501699
100001622430346
1695982270
100005953533093
100001003273246
100002749189292
100000520501699
100000615771543
100006850907619
100002294527132
